NN1.layer[0].W = [[-0.02550939 -0.13470064  0.00660932 ...  0.04107537  0.04762913
  -0.10391198]
 [ 0.12180232  0.11381906 -0.08300532 ...  0.16676728 -0.00945242
   0.10148919]
 [-0.07750946 -0.06298935  0.00721803 ... -0.09825492  0.1541443
  -0.10348775]
 ...
 [ 0.10905428  0.10157731  0.09058775 ... -0.08349483  0.0775288
  -0.06721219]
 [ 0.03067337 -0.07026374  0.10384305 ... -0.16603357 -0.05857406
  -0.01975785]
 [ 0.10710369 -0.06369077  0.0616823  ... -0.07009454  0.04555006
  -0.10548334]]
NN1.layer[0].b = [[0. 0. 0. ... 0. 0. 0.]]
NN1.layer[1].W = [[ -2.99112055  -2.33620538 -12.77589305 ... -18.25915729  20.66763826
    9.95260789]
 [ -6.8702877   -4.16955571 -12.98604789 ...  -6.51255697  -8.69247791
    3.76402409]
 [ -6.91713035  -6.97422926  -8.31885981 ... -10.31292067 -36.49747256
  -11.12027291]
 ...
 [  3.29812055  10.00477236   6.44798437 ... -27.98438015 -10.59710455
  -31.24118923]
 [ -3.92377459   7.84142819  15.38320649 ... -22.73676535 -21.19906076
  -38.49644419]
 [ -0.96891606   8.6678122   17.94454186 ... -23.87969369 -22.660656
  -38.81967811]]
NN1.layer[1].b = [[-1.36461941 -2.2168475  -2.44587145 ... -1.68738261 -1.84278332
  -2.05130954]]
